0.0,-0.42085153086610516,-4.398035338208796,0.843156004195794,1.8468951585190512,6.343031464997207,0.11677082255049376,6.692525039316237,-1.8377311006214558,-7.976390894488441,2.3056401289157766,2.4962442853659805,-8.488356563099416,-0.743766047942227,-0.01372433790097638,1.5263600736310017,4.179311401445342,-1.524631566041612,-6.584334167169657,0.20911551161111763,-0.34007945553057617,4.392129009786116,3.3967068113833587,-0.20329221944345788,-8.45138702064622,3.9605920863797586,-3.7060960062625687,2.1947551181413676,-6.207682536309142,-1.981697892190689,-5.314404659488535,-7.562208079071382,-3.771395759576029,-3.020862501202468,5.545402826736174,-2.655181759518676,-4.542557804615546,-2.366127440567616,4.937682354233376,0.15251023080426052,5.824873144517131,5.126774664655809,-3.484467725854201,-4.776262819471582,-3.4849367428300626,6.332295021098442,-0.8834849457895393,-8.181845918607173,5.7989363156577935,0.5891974244441265,-7.9163778119815085,-1.6612456956865862,1.7993954248049837,-0.903782425501229,-1.9852561227868124,9.66516079212326,2.1551764905903186,-0.6471621191276977,3.597399912183988,-3.8704838782302664,5.7611222108724665,2.1088357544472767,-6.503956547722563,0.5816649295591452,-4.812328587241181,3.2072083914951097,-3.8685949242699076,5.331675565226828,-3.577122563663039,-5.577294042412313,2.508386032607577,0.2283696461075686,-2.891024671374721,3.4625775550903217,-3.637130623618487,2.932373654628278,0.4506773826396744,-3.9894694611867143,-4.000356263899577,-0.9310996358971453,2.575518879032054,1.0582671626796727,-0.3722134967584445,4.136201346078456,7.600861855293607,-4.039678431708747,4.217675741707986,2.2731850798883517,5.371841513048648,0.37419599467091835,0.5824421715871346,1.4068102448516893,-6.455679664651223,0.5648588483546262,-9.195114092485882,-4.300244672961573,-2.3701030925932445,-3.886038479382697,-6.688252663664558,-0.36065146540996196
-0.42085153086610516,0.0,6.439449301746043,-6.658350708423348,1.7248734080473307,1.6034265105354026,0.14206145594842834,9.062683397115753,1.587770687510588,4.102373223971924,1.5688769505185487,0.20945641425833283,0.16496199731391314,-3.365531698204726,-3.849997014891949,-6.105331199409793,-4.8146222470948095,0.17278143851934313,2.054613759025304,-5.704521819798785,0.6975512065516218,-4.788273147896806,2.729793863762021,0.10211575433385178,3.3012599290648525,0.5886585694935311,-0.28092909579104175,6.24899960895858,5.942966572279058,5.32888515861286,4.736021694414868,0.466719397911898,-0.9327892957700739,-2.214951996918055,7.997736834433097,-3.572142963100047,2.348767486608141,3.141251939457228,-4.761855891888855,5.960391351422024,2.1835785293932046,-0.6441750582951355,-2.1274823092253676,-7.310285055542025,3.1811001283271088,3.0203430497361508,1.0584430205235824,-0.47830665687587315,-1.8730941769446061,-0.08746845199257969,-5.629936079371036,-3.2969293610061374,1.043969096225883,-5.21615324938972,-5.793615617346414,1.241455480750659,3.1498740299964556,4.547622205896154,4.613600226244925,1.1242600914493543,1.3091407893263298,-4.324701163129752,-1.6527427796184444,-0.3804957396095108,-7.691720650501717,3.2710270725685255,-2.695131479365411,-0.889666162424823,6.952926738954062,-2.36342393288838,-6.998550297124686,4.7809302335961785,-3.2111597070333744,7.456239684950256,-3.1877347550677113,-3.8647231479420396,1.3419782020509072,-0.98060959956074,0.5233226801080537,-3.210248459380371,3.536985017270397,0.9615341092635887,-2.60377725470046,-9.395374518823584,5.195578755542877,-6.671960356713724,-2.8446130543853343,2.6127076611106013,-2.283578009218181,-1.504462164839568,2.871713720480205,1.7682568882461833,5.862476365345181,3.729290834733469,-4.656994226503923,2.6722175677024804,-0.6196681306768359,-7.166331512004505,-0.06985857713184629,1.5268660984581093
-4.398035338208796,6.439449301746043,0.0,4.436464346156835,0.21776176480640874,-6.727232837854694,-1.258122278666126,3.7440421570233298,-3.2574618225038705,-1.8154323151487306,-8.71196783508649,0.3566039337385014,2.6459030662004954,-7.633457817355456,2.4891977550492124,8.31867857747873,-2.1423562053065996,-2.948644976286161,-1.2487878528636385,-1.1954626882484174,4.915346318156459,1.7547896056439134,1.634515953754513,2.2913526771458317,-0.5321311701838951,5.91911575699834,0.8877799602967595,-6.67057989787211,1.3398016626617832,0.5885227974802136,-0.8825039646976345,-2.3114039766504275,1.0104886285992318,3.2481888678415327,-4.957029921055814,3.5000178651832305,-6.433186102482045,-6.026123861186559,-1.1410419602406305,0.7995139298717469,-0.4582476455023041,-5.570462643407338,2.0420379502459087,-2.9973001851716754,-3.621815850017307,7.518812849513447,-4.890798574361289,-8.472569743551942,5.607683062197257,2.0512793481686753,-5.8443761701667984,-3.051855623764477,0.6089763856530119,0.07188009819061403,0.052682645357643665,9.213828827237899,-6.130663727978332,-0.14584822177525503,1.451707718199117,-4.458551201606204,3.6291934090160005,2.9989801628830026,-8.435245068993806,-5.534903860186759,0.7545686039370825,-0.5714973376314445,-0.7743039248239016,3.126863649840173,3.223279394812966,-0.6221573645631988,6.204243806268023,3.5254026465742214,-0.8792624963642357,4.192601340093295,0.10689422243497182,1.8646417795114294,-0.08443601874632023,0.07207589843867801,-5.400995942750608,3.924966076750085,1.9340129455021486,-2.308455724619571,-1.492234838271992,2.32527599207632,1.5712642769854122,2.825943014822462,-3.7701739912877406,-4.608781308725716,1.5314545330675413,-3.305830659176074,-5.064620069792998,1.691637247484866,-4.4380702206870595,1.1148496653853628,5.5624345374046404,-1.4651169135527615,-0.960367765413424,4.188712061366938,6.308087426357459,1.3857111386880456
0.843156004195794,-6.658350708423348,4.436464346156835,0.0,-4.172726457483798,-9.210659722598923,-2.157206597142415,-2.724631370219092,-3.1654517640600615,2.251346081085675,-2.697151141495298,-0.20198901313218798,-5.80112556997596,-0.5529041881269947,6.276852742766831,3.5281880242420725,-0.289205376459011,-1.3511349587558499,0.709467624879192,-2.6312506262953796,2.460854086423131,0.7376410074559558,2.9609266828877496,5.108843294691505,0.2509668093134456,0.91385738471865,2.5171648868696876,5.402221677330936,-0.9104132787833015,-4.377978592332206,-1.827685847603263,2.845704587263854,-1.8526402713338959,-1.9797264146741966,3.3878145956821193,2.3370212790832716,-6.627176432201615,-2.0153745082095806,-0.018404434834424777,4.784994389892737,-2.385114165967793,0.15914070873918273,-0.24504862771572178,8.9174266517827,-7.62647210139641,4.141689056332681,0.07608935455664323,-5.17596871244665,-8.625350392715223,2.6916368207623016,1.9575672573764988,-1.3051703215394275,-1.1599021943078753,0.6451147852645001,-4.655400990006997,0.8855507233752222,0.730692792798397,-2.5611616112046267,-8.81953594502109,4.883583436847696,5.2875722171666855,3.097246309964861,-3.7962787685547896,1.1876381804738387,-2.2161042099770922,-8.377419400564216,-6.742160163425465,-5.615353337185704,3.3028536008095486,-6.102710860399217,-2.6286691523722823,1.5050197349887204,1.396931545099914,3.5056581989774163,-0.007106834572492282,-0.969730935562156,1.7982211220400917,-0.6846918342839121,2.7987682020122673,4.298313197176612,0.7410987731824275,3.2827862067815348,-4.6428048140939175,-5.521909364853303,-7.008031471184342,-3.452011063724062,2.2185834761215064,-0.9328743688185357,4.706484419095446,7.0270036590606715,4.6128407220615655,-4.098760493864588,7.749926493534344,4.265815750884966,-0.587194995270782,3.359155494959605,-8.885098342394738,4.508868290590227,5.981829345036774,-1.6572800778573926
1.8468951585190512,1.7248734080473307,0.21776176480640874,-4.172726457483798,0.0,-3.9668970681501463,-2.6529971740663933,-7.188198737583907,-0.4375021918506192,-3.0389907585620914,3.3918097504584575,2.788057868193861,3.3950543969992673,2.286250113581554,2.844951880460016,3.9335976437132043,1.8651458775147751,2.154101228314963,1.9380837074655464,2.1779689038252554,-3.725510866075992,4.915487051941665,-6.18790173469641,-0.05893332862348011,-1.3811393385962036,-6.5151653169313235,5.556926261169709,-4.657659159068061,-1.2869241794053408,0.21442062310496723,-0.1508486546879131,6.501265692522773,-8.168133811682715,-1.787835994042183,1.0739209154490457,-3.494625890669063,-8.48330310714522,0.5642303156884747,-2.180704771584275,1.9924621650944996,-4.691836398009018,2.886231761266883,4.100747611447335,-8.764955388398553,1.3942062823768522,5.99295897436699,1.3057921969408994,-4.337374223507807,0.7993671368290682,4.068296340306538,5.340693754728451,1.351682234821018,-4.669016907857342,-3.4943907644613112,6.00825524947567,5.956127518052715,0.7065025263862985,0.8270058251216001,-2.210810044347493,2.2218663041404687,4.818817207865527,4.180106074938668,1.5922694093509238,0.1667307133883229,3.469790508590985,3.550873787483134,0.8225031265214313,-3.6543219053620417,2.8298461090459384,-1.3620541801095465,-3.7232845649168707,-1.6512257998019155,1.0271609564847868,-7.680993009290281,3.6731790241860214,-3.1326711481027134,-3.386670710276012,6.837675299873072,3.1978199383887063,-3.469487526382371,-0.7565949883137333,0.19010580116400444,-4.493883866228694,-3.765887880534917,0.9616532301469496,-3.922129553956375,7.223972129309372,0.12775583304538873,-6.180238582550666,-6.142227339919236,7.10227127390683,-0.6327379360688967,-2.940796688610363,-1.256129658176056,-0.04690135407950713,-5.069516287299854,-1.0185733348744357,4.329250804388832,-7.109538058716925,3.1713925265607665
6.343031464997207,1.6034265105354026,-6.727232837854694,-9.210659722598923,-3.9668970681501463,0.0,-2.0495666328251994,-4.307905949952218,-1.2246549357073828,-4.9794424120487175,0.2509240370508081,-1.1758282173809658,0.002925983214833394,-0.661544222898411,3.9842482946748436,-5.300417115034712,-2.0200974825412157,4.302184074559674,2.546889034900448,2.789297816121328,6.705351056339012,2.7991472335037946,-5.153195954373024,-6.118982229703103,-4.519031787479739,-2.973239940094868,-1.6957413262610546,-1.935957026291704,-1.9207925146949076,-3.5684721513782947,-1.6368188894485538,0.8847049759806955,0.9891067149884156,-0.0773303676081003,0.200167483787566,-4.140423997718088,-0.9854296945136953,-0.3041578288833575,6.105197923088272,8.789606910002101,3.261284310236136,-2.409696344656026,0.1166160863687491,-6.641944354367299,3.9579914414606856,-4.116785533593088,-8.79527582557156,5.05374156130688,-3.9357027936644937,-2.930187306825543,6.737416112834734,-6.232093412026407,1.2227704718464167,1.7630061171644327,0.6427162486145583,-3.751032357262478,6.899607623805583,7.295452556972356,1.7667212297495545,5.3513298109506735,4.935668084829327,-0.43384728343686874,-1.905391107026019,2.023384894187957,-1.8315837803374801,-0.22248133934657854,0.7337707014768924,-6.385007497412099,-5.376696481355683,1.1847579628373595,-5.8778547336607145,4.1953126105785925,5.4410875524455005,-1.0684464817646404,0.521811111222223,0.34563182386655544,-1.302454573155873,-0.5069553210574744,3.5363546499933296,-4.76860824256768,-0.3083181834461106,-0.3871874920639842,-4.239571159718094,-7.192780703647317,-4.336324466266136,-1.4913317605066667,-2.7119034658437666,4.806144559678228,1.0300967100376832,-0.7685951350925135,0.05697812679780334,1.050667481543802,1.23309804801058,4.80242946215508,-3.4320923605366183,0.1678510079662523,-3.0751594884178513,-0.34107940194887343,0.5571057138073483,-7.725002205008726
0.11677082255049376,0.14206145594842834,-1.258122278666126,-2.157206597142415,-2.6529971740663933,-2.0495666328251994,0.0,-4.682749487728471,3.403516173283431,-2.0495541857135198,4.326939185516973,0.37288849645535205,-0.4121727441358134,7.963947853565225,2.291610773292166,7.09294319450653,6.348055118397399,3.0026319868641558,-5.142136293482641,-6.238305143093956,3.6300215776975815,-8.802604845615875,2.6061771129591005,1.4150453689377502,2.9881010224823727,0.3730372089409437,0.9096841312797306,-4.263709747761647,2.0490979089127244,8.390805112465895,-1.8501593764845268,2.136494604116482,-5.319523174676949,-4.094874087808212,1.7611205346968921,-1.1023395255988317,8.105745903509462,0.9421184559844233,-5.142600269332739,-1.6174483912931916,7.803371873227251,5.749147969946149,6.404278785907872,-7.497122087395566,1.2919890899675641,6.442121455516933,5.738786863702494,2.683412714264919,-0.7674043170473386,-3.7848850002422223,0.6209924143077692,-1.4440629342591276,2.2195837990737752,2.697354680870383,2.672162556713407,5.791803429704068,7.009120239295467,-6.2643249094639675,-0.432124566091324,-3.2424538459188255,2.330961550751291,6.937948248191811,6.3741105315359565,-2.7686287457112693,-0.05001746460584666,3.1310212638848274,-2.441918904511333,0.18281204241847782,-0.6902901393330834,7.382443548045101,6.989053023678134,-6.875793979675107,-4.198996749000136,6.392808969028161,-2.9803118529246975,0.7673575383569018,2.6534193079749997,0.6591738116857115,2.8285721235623127,-5.169839602654001,4.232476688793152,1.9450059873264234,0.3463987512704092,-2.1314425047892165,0.6525486699005381,-0.17197493193605107,-5.293949772486192,5.614617926863441,0.14392206734869983,3.4423520789549773,-2.1085034508143004,-1.3443584366619241,5.886036746243181,-1.1948001239718846,-0.07080547665058923,0.3137282799895118,1.5743586813964185,0.96299762724749,6.711045653244785,-2.6521744341979856
6.692525039316237,9.062683397115753,3.7440421570233298,-2.724631370219092,-7.188198737583907,-4.307905949952218,-4.682749487728471,0.0,5.122780686106821,-3.1167821816276113,0.7518988212791835,0.22547308794521115,-0.3411509865788265,-2.6426737265972835,-2.1695833833580673,-0.9511288321326381,1.300146759363772,7.962714709199313,4.768049225066825,5.609030975009809,0.4957291690427974,-9.133628206399154,1.2881707910080604,9.013092863339716,0.8465338070720954,5.574133099760429,1.865977704877916,-8.120642015180028,4.549565426889911,-5.1820040160360845,-3.9874694961827544,-7.432791377456254,-2.020964748704469,4.9006271807882555,2.038300000097575,1.797300800405889,-4.90292304515291,-0.07275843977742724,-3.914158567370626,-2.097440266711926,-6.889046439918474,0.6167101700181128,-3.9251675526901604,-3.9294618995913995,6.514133455420102,-0.5367275404979877,0.324336184770595,1.5319452089130472,-0.31713840562749684,-2.5875867557629597,0.05470613766638355,-4.27082274300568,7.931409926080441,0.011594461793201116,0.44237665952135163,0.7506564681685113,1.2938514076627268,-5.1132345570011095,-0.4598553984790583,2.1223950672121825,-1.0749705202943423,-3.298293393958338,-2.198092675654845,6.515447908297088,-3.3521921131494823,-6.0266923718785606,7.993036629609033,8.348681028462183,7.169674593510091,1.2268087874217022,1.455171969736739,0.8233461877926995,0.09354176415378301,-1.4554123833341492,-2.3264348643449084,0.7856178784908101,-3.502083071058882,4.613831834850524,-1.385260034208188,1.028079079850503,0.4014336022209384,5.120609399766459,-1.738425038154718,-7.55019931389556,-1.0910707891924778,-2.4223284435588814,5.679792711648561,-1.0033120356071463,3.5728627970889058,0.8518975446554489,-2.37606250460985,-0.07616610411571045,8.647631013414674,6.518610238551796,0.22780272088174502,1.5336707416020685,0.46895788747101985,-2.2136065974780283,-4.498885749183476,-0.05552248871745569
-1.8377311006214558,1.587770687510588,-3.2574618225038705,-3.1654517640600615,-0.4375021918506192,-1.2246549357073828,3.403516173283431,5.122780686106821,0.0,2.589344843392465,0.1271014655747349,3.1531497088849694,-4.500274678481608,6.922595513768734,6.549859422354969,5.149969401764402,0.12219258236680819,6.845699732466846,5.979098924329334,3.1680970985269346,1.7702937404832495,5.469661944802464,0.1340061225016198,-4.077140150607952,-7.764182078492283,5.914777107566063,-2.3353372792776907,-1.3475361182820635,-1.847971658131792,-4.797903592403507,2.7347280456474428,2.56666296265334,1.0873509776487822,1.7776240566276078,-0.6012336720968303,7.462476183909432,1.3862410110463,9.064579937592802,-0.8248036788257878,-6.281670861742677,-1.54572253956733,0.4947155254614142,-1.0104725467289528,5.82482875844468,2.597310755479265,-0.7909725991876515,-0.19917836410895662,0.4607226957800492,8.077755271695759,-1.7422905794169186,-4.261955142441359,-6.150696970925639,4.453549798729181,-2.534827929361505,-3.0560590405420895,6.261652422985418,1.834708597444795,-2.6863768284793483,-6.404956282922508,5.281005717068819,-1.5695731631290233,-4.05432644174161,6.8961559265861005,-2.2719471118849457,4.218334190395073,-0.9478832350520143,-6.619463933045806,-9.043909259008188,-5.3569494425249236,1.5028404476643304,-2.1444186291881344,-3.141876997541644,1.4002684818705173,3.2756099916312023,0.8773654205745558,7.357392084105815,-4.141622939208734,5.557254568745943,-1.7679128549304997,6.767965472606015,-1.2504947890590428,-7.590033191371636,-2.34554894087936,5.043277332823161,-5.196512128168129,-4.779724289519849,-4.020545499967011,3.5285098451564982,1.065122580807853,-2.6300916976869817,7.631421250196247,-0.2419874215096689,5.257822737515614,2.114331000150406,0.730993402285911,0.3737823531132114,5.535020510902117,-8.480831637456083,-5.999917030226945,-0.23402260534529473
-7.976390894488441,4.102373223971924,-1.8154323151487306,2.251346081085675,-3.0389907585620914,-4.9794424120487175,-2.0495541857135198,-3.1167821816276113,2.589344843392465,0.0,-3.0082910107498613,-3.5179243299160055,0.6798789527798847,-5.129923340972684,-1.2556532180934434,2.5634278720588393,-2.8250806807112165,0.2638278913362373,-5.388793006484981,2.3038221222524586,3.8856307567350656,4.47881580924629,-8.369312037978716,-0.8991563823036488,-5.034967672484353,-0.3081708569792019,-4.121698952216316,1.6149180535900483,2.3607477483006862,-3.981844244838862,6.141222473537606,3.7240644744044857,2.3743579361495417,-0.8225308561632811,4.0146021948130866,-2.551608849685371,-1.5324877509980395,0.7053320924398152,3.482272710906118,2.404945013936502,7.132267182398046,0.2606005099021367,1.0612146336214776,1.6595863840117993,-8.35714963871817,-0.5404331379843406,-2.192561204828513,0.9168757168182662,-0.9350569547241001,-5.0678970290303536,7.424869291731799,5.0405468461612415,3.572700273189591,3.145353728832487,3.268694160995855,0.28218580870972687,4.6404611882130835,-6.144751063542219,0.794333026845985,-1.31960582223327,2.928796914012402,-3.2417298551120606,2.7409608327920667,0.9663979192649013,4.0596343815842895,2.0851102751920862,6.17057001065341,0.4541596135409165,-3.88396221756323,0.15330432455418386,4.721284778261346,-6.17060963415815,-2.1964306079222657,5.16643767693964,-0.0669464510198674,-5.1198019140347295,2.598049589060561,0.7839960217261819,4.54463248893356,-4.308999884303639,-0.3099038773156,-3.489403073602919,-7.91473131353119,-0.27734176707679215,1.2361573662297252,-5.50818241650607,-0.7814026468064292,-8.4849258880379,-5.844940880669161,-0.4959503995746113,0.30066404402728386,-3.360562749220364,-5.275905199106293,-6.563956202815028,-1.3687346386275916,-1.2303967762875399,-1.5529769249816159,-4.163459070626587,-0.32788643096735814,-6.029115940552669
2.3056401289157766,1.5688769505185487,-8.71196783508649,-2.697151141495298,3.3918097504584575,0.2509240370508081,4.326939185516973,0.7518988212791835,0.1271014655747349,-3.0082910107498613,0.0,3.1278157639315802,0.5056659091256068,-4.840855369538464,3.780030524285344,-3.355248872165116,-5.6229378328851185,1.8714718501866043,-3.6740243495999745,-5.064235726301617,-0.40090738395439907,-3.619692905638111,-0.695161133201986,-3.9453829204700144,2.409038168052451,1.3037773352031499,-2.892568056544958,-4.875360944427214,-0.6199846924048629,-5.577021813082014,-5.669342603009749,0.9826517915620672,-2.8306185953637053,2.0308034666709913,3.3539800409010425,4.833020073437114,-5.429234185956818,-2.350637187491552,2.1634171769387134,2.1681594520229552,8.467671949316186,-5.024478068253086,-7.764204226080905,-1.6121033022241624,-0.30327697509486384,2.232004580489839,-2.7161100654008115,-0.965487124794937,-2.0513487286252365,3.8771469260485514,1.5993884971189285,-1.9663559075405814,-0.02870633820408397,0.2049212257480324,0.03043621817224995,4.5143059806263945,-0.19603795346794772,-0.8108651036339931,1.410908422274133,0.9363716439140699,-3.946096930063912,0.5805531290924026,4.5107291115971435,5.588124313385238,1.7946294725062,4.511634650958633,0.7177359575900968,1.8875143605540314,0.45816482936516767,7.331200263688034,5.5069924279381475,-7.153750641550914,-1.1478923333921438,3.6628376927594566,3.917998746554936,1.5362055539978865,4.981357392246362,0.9507296255261286,1.1152469584795943,3.5631705258850133,1.2989644076762357,-1.2309743285071981,2.6212297376524853,4.38486525014221,6.440549246235957,2.950308431914653,-4.711517487505577,-6.874746116517341,4.757752748362668,-3.3712083521403224,0.30923300837992596,2.9333589301217575,3.5788269499965395,-2.637292742032071,-7.692977455597626,3.5186490573264644,-0.6963970170087066,-2.346154215583968,2.6309021988592125,5.639546945942767
2.4962442853659805,0.20945641425833283,0.3566039337385014,-0.20198901313218798,2.788057868193861,-1.1758282173809658,0.37288849645535205,0.22547308794521115,3.1531497088849694,-3.5179243299160055,3.1278157639315802,0.0,-0.6407430413489541,-5.6975407373246725,1.9082778889282848,3.2103701689984074,5.89305325681006,2.695384367120777,2.052226820112322,-0.2557738702531398,1.6165534363770675,-0.3087321036052204,-7.251914363717697,-1.4120428926686532,-2.0853753496809233,0.8450208068547131,-1.5635788883569894,4.373277318744563,4.405089292972543,2.938205012887172,0.31905889916655994,-5.006184465747265,0.20764451720446075,-1.2375647945562935,0.5297982969758115,-6.68640930659651,-2.548987453687393,5.963400769734376,7.752122089433552,-3.1211867215367115,0.2737067611667694,7.650214821991102,-3.072321096756312,-2.9418253164330936,-2.4570640928405107,0.654796399649594,-5.986207029556877,6.313320840834066,6.405042528409429,3.4131756561412967,3.4146648553771817,-0.07303084224953871,-3.4278459819387614,-7.259962661481478,0.35439524022048285,5.380271568565488,4.331085476463319,3.453760498577031,-2.87886052855168,-2.2343676421280936,5.356108064051096,0.6888932996611494,-0.5965453399438183,-5.9191525614570955,1.5250449861707027,8.28592827124726,-2.793380627603045,-0.14748368738559314,5.747814210655987,2.025382546871672,0.6210159419884356,-8.117225994436996,-0.8968831269478805,5.019791792701997,7.805622391889779,0.9886786055970203,0.5517647472099849,3.332926221419382,-0.13921424474921418,-2.297260327420041,-4.503920947344111,1.4419953902457943,-0.1896475556276016,-5.060727679795476,-5.614736773579794,-3.507279156257391,-2.3754069578529537,-2.2310615653855077,5.450459249913186,2.5151535892054513,-1.8683249592736946,-4.229259466912005,-1.0311837524374905,-2.9322191183346984,8.691777950651122,-4.276592991153565,-3.3675618770451026,4.387341588564127,-1.444344302895412,-5.179283794344451
-8.488356563099416,0.16496199731391314,2.6459030662004954,-5.80112556997596,3.3950543969992673,0.002925983214833394,-0.4121727441358134,-0.3411509865788265,-4.500274678481608,0.6798789527798847,0.5056659091256068,-0.6407430413489541,0.0,-4.646409423766923,2.2852797867888954,-1.008910638247083,1.4141887371568744,-4.027222207471428,2.2545304563686446,1.7329584867948262,0.11204477348737374,-5.567835199193345,3.405075653669386,-0.27086931806737624,2.2818282937025325,1.7658974118660233,-2.9362196301825128,4.135920227560209,-6.215648310388692,0.4375000354600438,-2.4991447262237285,-7.387079294094639,-9.28345293244174,-9.798568724949694,3.991540728784239,5.245750974801074,1.1868328737428437,-0.532976126179932,1.546231809082307,4.650910253092918,-5.04740219007971,4.754924353188248,0.4860426068296819,-0.6953455688971504,-3.926998810475223,2.6349871164783525,5.806734422359748,-0.9049195962158274,6.616411467049675,2.589489938869611,1.319575553662431,2.355843691283445,-5.147600194837766,7.066783714384954,-8.607778078107032,-3.0335269911103047,1.013670865855263,5.269281773225718,-0.03390454957917033,-4.749862006985642,2.4772062489261746,-4.768693251523745,-0.4161839685572195,-1.9901284117972988,3.2771262432239356,-0.8024098024094206,-3.7481450047689684,9.413562285437793,1.4950895082505289,3.6216234463841843,-1.585235464609629,-2.1311550395005012,2.638582905273392,0.7535628870753808,-1.9468433298376766,-0.09324092171009113,-1.3138210754510293,-6.9846353153856615,0.018146991759168785,-0.5557402372886147,-0.2891778203107971,-1.0489277067823606,-8.0018794915522,-5.794337673638996,-7.732048646820511,1.0509032748965064,-5.706716191701489,-2.594445694398143,-3.450776581150497,-3.2502547796013364,2.874201674530023,3.4510707680267974,-2.449223933462759,-1.2264271590932765,5.241227902312903,1.603020035974759,0.5642309036387987,7.993742532128342,-5.133575508575179,-2.131157751060814
-0.743766047942227,-3.365531698204726,-7.633457817355456,-0.5529041881269947,2.286250113581554,-0.661544222898411,7.963947853565225,-2.6426737265972835,6.922595513768734,-5.129923340972684,-4.840855369538464,-5.6975407373246725,-4.646409423766923,0.0,-9.355052300690089,-0.925690906936655,0.3658365258330969,-2.0069413801154505,3.3270703301862268,-2.0361648052206673,-5.952518596898058,4.210655962148847,5.371995495259948,-6.041139916328937,-5.019838341509553,-2.2512614425962383,1.593402331489795,-1.9583393789540091,2.2696567725518815,-0.02678942327491285,-4.7470857165388916,-6.481696055702663,-6.455489883644011,-0.03857280686152853,0.4721698103511427,1.4864916110156399,-1.2675929792060385,4.734433468493255,-0.5736729891816723,-2.8220708776980565,-0.46587936431826105,2.3741375259305286,-3.2082380568375397,-3.1721222166872716,6.858859560699592,4.798168477740253,-2.8701097479493916,-2.7002550347098477,1.3870789661609848,-3.4169629638228693,-5.720047173422586,-0.2232020364220646,-2.147453380092993,-8.142533188059506,-3.497809420949479,3.0166309693232094,5.772025395818627,4.512708415267226,-5.1461953930559154,-0.22113157152957807,-4.258972300934483,5.967940371770485,1.805522940859099,0.7772589065377637,-0.6852518592986492,9.000242447788185,7.379194344038998,1.705583551279612,0.8538005629005792,2.398877687013128,0.5551911436458434,5.824575532610614,-4.600985697495847,-4.449833591505682,4.064200158249326,-4.348453270770363,3.5194745523826496,2.506126526519438,0.27254231074784574,0.3620773803468893,-1.945530250658769,4.425891128602889,0.9929141639748327,5.494603426651074,-2.1219368618027152,0.9788879793671166,2.786742391034127,7.59991116595198,2.9641566055454662,4.058875704796171,0.019230341868098577,-4.4563404088892895,-4.836738362526324,-3.388925420123612,7.237337378994919,8.181285831288573,2.946252306424924,8.82857846444855,-8.305603007743413,2.4178917094533543
-0.01372433790097638,-3.849997014891949,2.4891977550492124,6.276852742766831,2.844951880460016,3.9842482946748436,2.291610773292166,-2.1695833833580673,6.549859422354969,-1.2556532180934434,3.780030524285344,1.9082778889282848,2.2852797867888954,-9.355052300690089,0.0,-3.0181790623044304,-4.6258397324636435,-0.24762736121202034,-2.8943272169237675,-0.9343257888417487,-3.2008532493374764,0.8791490513738385,-0.6185267642405905,4.078370567902458,5.939569382045442,0.5529297975027436,-3.311492400198633,-4.510243445942553,-3.0573001100723483,5.332049190827191,-8.43870669116725,-1.866967911809529,0.3324790866590419,4.358113029344466,-1.7704413249852813,-6.798631189131397,2.585551496296678,-5.999477857390044,-5.076388963961178,7.720321582894952,3.703036093710325,-3.1208418395391426,3.3010689631761503,3.632409993029123,0.6641794245947739,-2.7227404485262388,-4.192469317372495,1.0774144167485398,-5.009956567539481,-6.3670649630589065,-3.2120500000875736,-9.656903751228034,-0.44582620115087224,-0.4312243466056769,-1.2188793538574645,1.2301055352528198,0.023787613959271425,-0.6878945834461927,1.68384888575239,-2.5632479110179602,-6.743786975500671,-0.03421202674302304,5.198194565490455,1.837380117318931,7.038467636816348,3.470308233973154,-1.610995471095059,-2.7560294065234996,-2.7605621764727517,5.5794029514143535,-3.726986199194017,2.220268807484576,-5.361004746566334,0.7436492706350224,3.106946917995651,2.187572511117379,3.5238170657138,4.456486264875554,1.4920570107861026,-2.7816930318945863,6.037799523566202,3.20338524277805,-1.7538133254243506,3.330258137419369,-3.92922366644454,2.781755528994987,0.9390989926434568,-3.273106051955269,-5.189321936592357,-0.4617135585981522,4.033145788211719,-0.5056580443473591,4.631693241402847,1.9822348170254642,6.261501618372904,1.270409132373699,-5.09447631575871,0.45229535113370334,-3.4251159737054184,2.98903393759805
1.5263600736310017,-6.105331199409793,8.31867857747873,3.5281880242420725,3.9335976437132043,-5.300417115034712,7.09294319450653,-0.9511288321326381,5.149969401764402,2.5634278720588393,-3.355248872165116,3.2103701689984074,-1.008910638247083,-0.925690906936655,-3.0181790623044304,0.0,2.062075424397431,-2.058175466496298,-2.4988190744837935,0.9158319236191863,0.829123671773873,-1.7397976220675924,-2.2915342013562987,1.800496550973575,-2.773372883809273,-3.2285519901887616,8.36045844161411,-5.865069472112767,-7.732070825621587,2.135782918881228,2.460958298169076,0.3342367242347244,-3.5009645693207165,-1.2037293851943467,-5.70406981821275,6.172023178427375,-0.5444329784477446,1.892400307415782,-0.6907985039016773,-1.6164672186184532,0.5903482440471692,-0.1349089805194792,0.844091298981831,0.056214250416280365,-6.7039889573813936,-4.986672448072932,-6.024746737325197,-3.130309649101191,5.616010316088581,5.291912265859965,1.6314846047900833,6.347854619787264,-2.7094727973212667,-1.6043037962484448,-5.289028445527807,-7.590919144964763,2.100689254797146,2.3010127577083663,0.899342211906029,-0.5241772873486492,-3.3250510714803214,-4.558455169634744,-2.414883503807081,-3.2555946968134943,-0.5984941425000656,-7.182522019606107,8.234690268548157,-0.616182374393615,-2.4002267870269804,-3.6801302019019486,-0.2873214751052209,-0.625624171920379,3.398447263294991,7.025004062170881,-6.814188328779581,-1.8773258915722573,-0.6547768969509002,7.722829914200215,1.140585761531781,-0.6547089124509387,6.137406522657672,-1.9051409877144563,-1.4802990866130532,-6.923859793194589,-3.8318720954742114,-3.769455102549111,-5.3198473654874565,7.828594028143819,5.399359748602792,5.39646763621386,1.4399551158645476,-3.3589918305559183,1.1310727824272973,-4.9163352275575285,1.9307441759308173,-0.8482744412481318,-0.19435525788592312,-5.991129991834945,-2.292294384494281,6.856970590840946
4.179311401445342,-4.8146222470948095,-2.1423562053065996,-0.289205376459011,1.8651458775147751,-2.0200974825412157,6.348055118397399,1.300146759363772,0.12219258236680819,-2.8250806807112165,-5.6229378328851185,5.89305325681006,1.4141887371568744,0.3658365258330969,-4.6258397324636435,2.062075424397431,0.0,8.167784190421136,2.897611090492966,7.2361515504379845,0.5568402047449599,-5.9860298870839035,7.959867655134552,4.372579186780395,-1.1282958920103479,4.030653364773818,-8.046481618980536,5.1063288575342485,6.110266663827568,8.285902144195603,-0.8710865860288433,2.3463030867297014,-7.847793795569393,3.5000659747228706,1.910779086403954,-2.0862817930953974,-4.234630074391746,-2.654793219559201,3.4049729648895775,3.375216602533312,-2.527125361393617,5.593331699888706,-2.674109611763744,-4.094507199844904,-6.1093973555180785,-1.1620413610403695,4.945795239559522,-1.3920918364311508,-5.982664470134186,-2.376150707044519,5.077711124213906,-5.921931908858593,5.816749436226532,-0.9178094264906758,-5.238363415359359,-8.51365029879935,-4.91339792967842,-2.9311457160113754,-8.767251952960768,-2.6788331794734277,-2.9394587257764515,-1.0790827261320137,3.3841785818766965,-0.8141482123966308,3.005194804817399,-1.3731756840658083,8.154157932026694,8.098519824751115,2.291224937660723,-5.804249632813654,4.119162000376058,-4.29479911621155,0.7283678713505148,-0.04356401653318542,2.790987441274819,-1.9236958741079286,3.4357612814359033,-3.822518075402114,1.8089905394485832,1.381470177752612,0.6429391588435083,-6.136134718676436,2.1162423453239523,2.5005181259356295,-4.424141897497567,-2.121547514667156,2.561832519680002,-4.476809335432036,-1.5426046991187103,1.6087632658367363,6.058336861251714,-2.039260350875482,6.776520656860843,-0.8033998368932149,-0.7571522500170262,2.927862269292964,-1.6304187341875576,-3.5529209608667554,4.301578757180145,-4.9978143178620975
-1.524631566041612,0.17278143851934313,-2.948644976286161,-1.3511349587558499,2.154101228314963,4.302184074559674,3.0026319868641558,7.962714709199313,6.845699732466846,0.2638278913362373,1.8714718501866043,2.695384367120777,-4.027222207471428,-2.0069413801154505,-0.24762736121202034,-2.058175466496298,8.167784190421136,0.0,2.152368842503435,1.4331698933086852,-0.2804438549950241,6.572425013753918,2.0791243970375906,0.8200488524830902,-4.941543653331687,-7.144826771782325,3.198587589463439,3.008120590866512,6.851685739742798,-4.878584294884553,2.0656998207284314,-2.7412673545612227,-5.973366972002303,-3.310309217017102,-2.9639985170012326,0.8840579204440071,-3.1382059762732304,3.758903248488573,-4.30701775065606,-2.3072190057800297,-3.8356277275729367,1.1358920711224276,-2.102842338115168,0.2841193005111329,3.3197035916167437,-0.3466934780356925,-6.250907290713137,3.955218820863391,5.128161489441296,-0.7518272800395094,3.932618439417536,1.3442285978727124,6.936112682946643,-1.1205776727234653,0.9006835639477591,-0.7537896607615338,-2.676109206845183,2.1771237233806544,-4.173798719941909,4.15898767933264,4.974466157023071,-4.0612467449784955,-5.969130996306852,5.094002123224428,1.4291589628769916,-0.3597069257519028,-7.7742401844264455,6.815618346720358,-1.4019904652888888,-2.7908710972784725,8.600120937283725,5.940881778651489,-0.6225769768620957,-3.0240715560960796,-1.4194642589557063,1.949277819286599,0.2558594615343033,8.16666417470085,8.046559908885692,3.3700138221232594,1.1045131092301363,-0.6578499278558292,-3.369008373960656,4.071361190124827,-2.8227875003664438,1.740971818285923,6.194672172131451,-1.725279559006876,-5.305379446575426,-1.2868416285164788,0.9327931719942733,-3.2491709092047083,1.7287817997761872,6.7200605018878115,4.849767120071438,3.1225684389537793,3.507742941722621,-3.6273463120333695,-0.07716076348973022,1.7048798696021024
-6.584334167169657,2.054613759025304,-1.2487878528636385,0.709467624879192,1.9380837074655464,2.546889034900448,-5.142136293482641,4.768049225066825,5.979098924329334,-5.388793006484981,-3.6740243495999745,2.052226820112322,2.2545304563686446,3.3270703301862268,-2.8943272169237675,-2.4988190744837935,2.897611090492966,2.152368842503435,0.0,2.479954092103404,2.2914373402666763,1.625852462964886,-3.057464650279556,-5.788025789620637,2.1878663007079906,-1.0935885468842974,-0.9451163114153003,-0.6058495190941979,8.562425805037734,3.765991845902743,5.709629317215331,-3.383493850878213,-5.06396035887794,-0.23594732172776922,-2.975644287944537,-4.528920047768715,-8.54400637947386,5.9204931004245545,-8.717677786623177,-6.097448324606251,-2.6623523622570318,-3.75146031733692,4.697186202599591,-6.6107514066124855,-1.129135062141562,7.1691828994693925,-4.440934052857723,2.2690626860113547,-2.414042722892159,-1.214738204479409,-0.2003048910669416,1.5763257639461759,0.27869992242673547,-7.526315215775306,-2.6638056317666403,0.23763912773141493,4.977971898572901,-2.6549209034197236,2.3886036595489744,-0.5296094466058374,5.681216045537081,-0.3233917913122957,-3.779959486188332,-2.6908656010878715,-6.029252839073294,-3.9807618535708102,6.778838937723001,3.355437451028571,2.006703350698413,1.006541258278252,7.305021420321828,-7.2908627959900985,2.4760703124710846,-5.739917913511835,3.5735686582706485,-2.9954137104849674,2.647538185741723,-7.012830644986541,0.5634536189499544,8.53043131750025,-0.4783971678004715,-8.227172473944265,1.5173595208851207,-5.407301157030985,-4.780218908473769,3.362509583999569,4.373613041478148,-5.94801376924883,0.10814440481124876,-1.39920075396362,1.4338835991854135,-4.356608422969785,0.24247545233819512,0.9133232814036649,-7.413576194211906,-3.7573346419464477,-9.192445062034855,6.446191933869107,-1.1604477005794056,-3.6546569127541995
0.20911551161111763,-5.704521819798785,-1.1954626882484174,-2.6312506262953796,2.1779689038252554,2.789297816121328,-6.238305143093956,5.609030975009809,3.1680970985269346,2.3038221222524586,-5.064235726301617,-0.2557738702531398,1.7329584867948262,-2.0361648052206673,-0.9343257888417487,0.9158319236191863,7.2361515504379845,1.4331698933086852,2.479954092103404,0.0,-5.520255387519134,2.9252478258021104,-3.119842600242837,4.473369006332749,-8.581149444705176,-8.08596851362977,0.041628594068649605,-4.265081515335907,-4.263602248070471,-0.6157433633923284,4.714360659518611,0.12920267694721854,-2.960889479349764,0.18333343545267589,0.189566788665537,-0.8983553158471382,-0.8953360809729913,-1.3116157057927444,-1.4449199036341671,-5.739501992546856,-5.480120153173128,-0.4236099424232016,-1.223418698937392,-0.686733624300147,-2.0299263429294268,-1.9337971345532434,-1.743489743303328,-1.2187408865981344,1.0701262896317516,-1.3257583544159823,-3.4542639101028083,-5.744383801681634,3.801139042253755,-6.292724524687022,-0.5085135994603527,8.132392817686268,7.258193552343699,6.402958702706035,-5.972317423545673,-3.3203677693648803,-6.395290951003738,-7.649195035809887,1.0517034561241148,3.5767692605204893,1.087402082389561,0.589734075372446,1.2554767421844586,-1.0504900816741358,1.7581190157605198,3.0779397500646333,-1.1970634225068792,3.852305704753894,0.2531419021027119,-8.366468720726724,4.040532684633945,5.497829471754798,-0.028408767204481045,4.295535523020526,4.881793360647622,1.4297386849382354,-2.805822686896855,4.15149554224412,-5.010850976202274,-5.031894428761086,-2.0069256103960136,3.2595195346755226,-4.262951641645863,7.079035459326013,6.986365448803088,-5.414721995917311,-6.122237726225291,7.336223898460748,-4.090004782536901,0.19815805770437356,-3.1068617609380107,2.731325247828239,-1.2292487266387915,-2.605917684239693,-1.495348267215093,6.751919129827018
-0.34007945553057617,0.6975512065516218,4.915346318156459,2.460854086423131,-3.725510866075992,6.705351056339012,3.6300215776975815,0.4957291690427974,1.7702937404832495,3.8856307567350656,-0.40090738395439907,1.6165534363770675,0.11204477348737374,-5.952518596898058,-3.2008532493374764,0.829123671773873,0.5568402047449599,-0.2804438549950241,2.2914373402666763,-5.520255387519134,0.0,2.5319023153356417,3.9177840794198335,2.416999684951046,-6.685717512067385,1.7018480783740575,-6.987495345317056,7.170358588017745,3.3027605459926335,5.684727769668854,3.4269927725609115,-4.648954970248102,0.9015847585753862,3.9774603186094524,-2.140984024570397,-0.12463882792410352,2.3781564114222897,-2.4594552128675238,4.009706797834639,2.6932604506537707,1.020461972845112,-1.20869935331275,2.8388928790213983,1.0556566375535716,1.6439102576978621,0.9795545914529784,0.835474458010319,-3.732551156885127,2.5671246805458416,3.2105096771198864,0.7794071389983168,-3.206128069578371,-3.7518567687655118,-3.8502764817140074,7.5440205831027995,0.7680199834512362,-4.844498198852433,0.8041584359718983,3.745453853913565,2.412180245736586,-4.919023839977859,1.460768365723922,0.3696741772275072,0.928916895291195,8.40466233951795,-1.6483612561516896,-2.8701162044528736,-1.3939118867238096,1.8258572649312312,4.645650314749106,-6.317646015725575,1.2223185515006243,-2.657549822304807,-1.6224888322363835,-1.0671503177317376,-0.8042477528444971,-5.039912517234,-3.5178408528468186,-0.10605175642821862,0.2977677965237202,-2.2291313693351658,-1.2793021400237814,-0.8689400521690178,5.812127482950238,-4.451421928929911,2.359325066296763,-5.510625943919388,0.6526530406061148,-2.918479781237825,-3.4702176406162497,-2.1102916666013725,-8.611704468360514,1.149078265732994,2.8829335118422232,-0.13769776711833348,4.024679176136087,-6.963177693088264,1.5173474149996657,6.020883810710304,-4.778957640534678
