0.0,-0.1299328163561464,-5.916132734455857,0.7794373834056212,2.1663727072094447,5.431168178975907,-5.63518443843613,-2.414077279126274,0.603134047640081,-2.524946773878364,8.07387007404945,-0.6544376659596844,2.2067848524535005,-1.9000344710533659,-4.102150755570063,5.011560921391169,0.6987606960055528,-1.9838936340099966,-6.078449430519906,-3.650817766233998,0.3730030897817622,-0.787648142425116,-0.7710088815522345,-1.8923841029871444,7.674705250512609,4.4421042640085595,4.226613423142021,-0.5080435154622691,2.6066894588228022,1.004603762047739,-1.4652484113225306,-1.4079996936799843,-1.7709322078198255,3.8690233111777568,3.190793400652371,-3.3406042780853293,-3.900246309580286,0.11179680637634215,2.5234289315857428,-5.59246946851475,8.80114662152822,-3.1145857959249224,-4.749771287884157,7.343687649794578,0.479235159885266,-3.365623965606248,2.2195925822298115,2.5058774031654547,-1.2665230385076836,1.3502351875956817,-1.8517195272957032,1.7814553675781504,-3.111997793497133,-3.445396480511257,5.046133895354533,7.030046475898824,2.834878947049253,1.6895207228825164,-4.922885566153802,6.155869038228238,-9.09318161820794,1.888814910805392,-6.04225400237389,1.153605571608102,-2.401758326621424,-8.209514193535188,-5.455755269489627,6.132010659196596,-8.513291434508789,5.368867992151072,0.7349170226984985,-5.208780614460874,-4.117012365203473,-4.045592266874448,0.6738022389430371,3.86430490110914,1.1662126841548854,-4.732998691535598,3.701024717013051,-2.098934829060474
-0.1299328163561464,0.0,-2.8812177838453423,-1.5172477125511135,4.221455015468806,-0.6426179182548664,1.2811919100130256,-1.6571758670211816,-0.4672251666306666,-3.4467002357343235,-2.8676198975784803,5.106698651666939,4.083361723985655,3.7220639512065308,5.996802757527478,7.968206783807277,6.683672933587202,-1.288349350080547,-2.9223177494129624,-0.4154902287419482,5.570199660148013,2.424892211821941,-2.0615273720133294,-4.130543112086716,4.773461953111942,1.3119612289969762,-1.7920473491719568,4.073009589794427,-0.26780955615037305,1.8314422413731366,1.4565356531948375,2.855920644735818,-4.66676866176333,1.0676168949535931,4.268106709617487,2.7558079043585595,0.9065142540250095,0.874630636996645,3.223026839349857,-0.7931081328527716,0.17411165108059734,1.0993513115276374,-1.6134983543039336,2.5357627036493726,-1.0458636551750313,-6.811610630908177,-2.52896538361202,2.037602053747535,2.387272456361523,6.176154154143521,-2.3942261960879634,-3.35106308421679,0.08777315271024477,3.2447081498520296,-3.1524636511160926,0.6338718199046518,2.3524397552580663,2.9182659480804345,7.712448174841425,3.729942878661622,-3.833072578959552,-7.366743196270634,4.074816363749516,1.4282593505870702,0.8452414194070483,1.676538694533554,-6.044891818407895,-1.5643783603057235,3.5655426501050655,5.473957375645836,2.1929834565855426,6.451966617839293,-0.0660940088876707,6.527243112322008,-3.643920528032141,-4.761787737865788,-0.34872970503730594,-8.550086517591245,-0.9402320598666636,0.5462967078444212
-5.916132734455857,-2.8812177838453423,0.0,-2.1791035067189357,2.4315072056325358,-2.6685485162086215,-0.23930036985393688,0.4726634724856167,6.424139742541465,-1.6305689742927783,-0.0738775925810824,-1.7035061327728727,2.975305056307013,5.626012080327659,-3.4581209966620934,-0.048068060022641745,-6.577478460950806,0.6718437407230136,7.918073599380179,2.454038999559537,-1.4222265152687052,5.4415751804753265,2.297444348192867,0.11018221995127941,-4.704011909478963,-1.5910664317173175,1.8123194773983782,2.795405190441363,-0.23963107912406567,3.398797260307953,-4.688794876074643,-3.5677138535646,-1.3517530224940977,3.8271828474528817,-9.36440243525753,2.5133017937586146,-8.998102242318465,-1.9806649145982238,6.23284125908148,-4.709754261965522,6.830279120355928,1.3773840092861636,4.994754376429535,-2.438813518355223,6.108209392996921,-0.8705470338957007,-0.23582235414007613,2.130770485328308,1.766034372703504,1.0100451153224155,-7.054991763918058,9.241937464348227,-0.10896522102779382,-5.6901660031927825,-3.343795570160368,-4.522822923656539,-1.8276859926749385,1.7646109179379685,-0.12531394001999452,-5.15858229761276,5.270033456763074,-1.03425426311329,-4.714509711993348,-0.7461826528698055,-6.394360087342616,6.791440185587166,1.5781752969608611,0.9551057374470711,-7.456989651099234,-1.0130788255852812,1.92181510688909,6.116528153620221,-3.380540399863461,2.814531913986957,-1.730562661564603,6.355687524621276,-0.43939639384988016,0.5985165241055004,-2.0233026480608913,6.16298340801628
0.7794373834056212,-1.5172477125511135,-2.1791035067189357,0.0,-3.147136781575493,-4.58518776568318,4.733095186752346,-0.19036230991625258,-4.192465050878557,-1.1870720851451741,-2.9472825982273223,8.944175205323013,9.565179890213306,0.44529656229205106,-4.438178277600536,-2.902237510116641,6.70746053392779,9.11732292555789,2.9707326296178804,3.7238209199279932,-4.00461756447164,5.321469677836735,-6.525238561363316,-2.3900745051594785,-1.9405141093386788,-1.4769937582054355,-1.3176853870619158,9.366137921868926,-0.5449953326870904,-0.9886202862709768,1.494066604306168,-3.4212282180464397,2.2130131860323736,1.029977864038237,-1.213571263058319,-2.0091171583457386,-0.697300186505454,4.293455511572976,3.336397611565137,-3.850632360536085,9.137455072769988,0.4907050661154626,2.44472556904313,4.956513937421125,5.404708355333513,-0.4423462820678825,-2.9096853660913022,-3.0608640800752327,-1.4367763997966683,-4.029023626924237,-5.668307714481234,-3.3688388741926203,-2.709872653840015,-3.5419073403783905,2.366115543864839,2.430428224770165,-0.5078017549481615,-0.3987524666525566,-3.2949262518299998,-4.239843808703609,3.829139586073315,-0.8257560568213806,5.978179081865278,3.819803224757333,-2.090134963237621,-2.340173366884625,-2.3659944153276395,-5.491453449673161,2.8473277355387125,6.859124919410194,-6.6932862243072435,5.545338490635238,-1.5896071700373655,3.23067643090337,-6.572794009283312,-7.474385416723183,0.9701846608384881,-1.863991047765372,-6.315882868583083,-4.68488507323536
2.1663727072094447,4.221455015468806,2.4315072056325358,-3.147136781575493,0.0,-5.973282437590493,-0.5127493532731062,-0.3289466716083074,-8.351704134660821,-5.352814061803046,1.27792728848865,-0.290750348773714,-0.363280557970314,1.733146606519509,-3.8441913284698046,5.5522856365154505,2.265634648719091,1.4292144674111356,-2.5583820562919612,5.337685955947449,4.578199941924145,2.443757191752342,-1.841175626468142,3.0135182208719957,0.8187763752702137,-1.4013226675290307,7.626624283245972,-6.156444450116304,-4.208709485059052,5.880165907387299,-5.286235366600909,-3.3018952851687353,0.2515655064168367,-0.9342177836401504,-0.7516213344752227,-1.9400486234453762,-1.922915404267128,0.5557851552573974,0.2842657030787059,2.364932457615727,6.561415659154843,-0.5403095822488844,4.8307010343467365,-1.7347473100616684,-0.3971490368479502,-1.8035268979989345,0.48153971684884844,-5.126525897021474,-0.899909810241831,1.080873673726849,-5.5338780678797965,-3.0890496463111328,6.703512065571466,-8.101285321065802,-1.6081622596647227,3.457772059300181,-1.6729528904809499,5.517810912547471,7.4897362237357985,-3.2519120942915833,-7.252970057301752,-2.106996275936189,-1.4317446546620731,2.9229505387678865,-1.1423108097165535,4.829745827013661,-4.459954322516956,-4.21756982745381,1.9940835807814512,-2.1272521103749944,-7.53060632692745,6.570143899186203,0.3184219714624077,-5.215250224366736,2.7058464620741214,4.2053125344198605,3.767447323573796,7.200869774803785,-1.9823021105243774,2.8044999056039597
5.431168178975907,-0.6426179182548664,-2.6685485162086215,-4.58518776568318,-5.973282437590493,0.0,-2.551777011979904,-3.3804203968170183,8.945743402976538,0.6562273679071611,5.914076629635598,4.5854025766384945,-2.9640459660268474,-5.497046754631473,0.3932278184139797,1.0055711569237866,1.6473401740161107,2.209516058985388,9.487874773029978,-2.483361598448557,-2.531425701409485,7.486797054267648,2.58013641839516,0.056415605210819564,2.9389516145090386,3.1046440702283693,-1.0172584915443839,-5.238521807504011,-1.0738279724463657,-2.810670840492577,-7.9456255026958,4.11167530467006,-6.500651618029479,5.467701123861139,1.120755089477683,-1.7220044746191907,0.7086687543627921,0.3167174839717841,-4.3731458632787,3.646232055831981,0.5622983781669992,-0.3042010201837506,-1.2698722899815857,-0.6090571753835121,-5.6157994771840825,0.5511811419452961,-6.890816820918095,-1.3545623233099802,-0.052019884662474425,-0.0745399909434088,-0.27171407817018167,3.8836549435641103,-5.903019343910615,2.7572462212475584,7.412550524093586,1.2582380878495742,6.39263823612748,0.2509696891713338,-1.2780398888217914,-4.727422686078921,-1.1143234916876752,-6.424922664055349,2.4884938581164606,2.554353720328482,4.870679262993339,6.025617416188624,-0.5632824316220537,-1.7416784792685025,-1.0299997748017207,1.1189529410787227,-2.7865743043596405,7.546442999310859,8.473416976702314,-2.7191576099422345,-0.9588418423586909,-1.63393237354203,-2.3459482145245563,-2.4699113946625824,2.281543692222473,-2.3681927579699633
-5.63518443843613,1.2811919100130256,-0.23930036985393688,4.733095186752346,-0.5127493532731062,-2.551777011979904,0.0,-0.3508884185396153,-0.47774073544013174,-1.6561473382818193,5.486477992592391,-8.67801703733792,-3.265338494653859,3.634080926567499,7.1362293524235625,-0.9990249572331447,5.907730744913059,-1.1905947417421539,0.9085428431152902,6.144238403004528,-1.6223390525625652,-1.7374994741116838,-7.30291425324837,-7.299355125983468,-0.48670981722118434,1.1536043361703276,4.850618305464193,0.3890112903337224,-3.002979317310057,-3.2752769263606587,3.0031931821061937,1.725591695214578,-4.4054169214415815,-0.9144469141095946,-1.9370507358973241,4.066148267594583,-1.2682707047367714,-2.2352012442733624,-0.18038810411695216,-2.0621081104504055,-4.070504171549182,-2.85640754335824,3.413701380334037,6.740997276428053,-2.8595527694511755,-0.6291766467096589,1.0458951956483986,1.5997261926090842,3.7568815634180828,2.7079660396545306,-5.453431533159636,6.338841993976998,3.635470527622739,1.5004089704630976,1.4402260414995247,2.944565629626643,5.733978390971558,1.7124881215012415,6.999582510068949,1.0392726894120643,6.148483841163769,-0.20765000994487526,-1.7248872499523618,-5.558469877435535,6.5886943634693385,5.792364376058858,2.279082659677939,0.5384884309295819,-3.870556697749173,6.529985658811325,-0.1732075783727307,-2.3139067213187463,0.7270468572904614,-5.877352329955706,5.073829849443999,5.448231195860786,4.109277585094007,-0.4323010628199766,-3.77875971735768,0.3252934113425212
-2.414077279126274,-1.6571758670211816,0.4726634724856167,-0.19036230991625258,-0.3289466716083074,-3.3804203968170183,-0.3508884185396153,0.0,5.972343605455096,0.6592029842286138,7.0212626711326,3.594403399048792,-3.273832192067916,1.7437991816294307,5.596236090886938,-0.5651211161509009,2.1286353882625875,-0.37788621886627105,-1.2043178646160992,-2.8102558789284307,-1.872931657816994,2.548668927016366,1.0753530496114454,4.677701510539894,-6.230959637434019,6.593762209522625,-4.019535363906456,-4.363198047351214,0.0023190708513523006,2.550796648824771,-0.4657420932582479,-0.6978137380087279,-2.341241445277132,-0.704128901333287,-1.1389621508335388,2.7608325591106464,1.419179577538154,-3.9369481360662055,-2.3877624718156127,2.8289499062865886,-3.3273552095528727,-1.4628019478330163,-5.747118210447382,0.7047284905696634,4.94650181783354,-0.7678964444074943,5.258612572738807,5.409357940824735,-0.9324355715427659,0.8616026280151488,4.545995208813178,-1.451725855249216,-6.0840706249539975,-1.4449691660893809,-3.022096498444805,-4.377461806800056,1.287837215480888,-4.167460958225007,3.4016336847861366,8.180706984182937,-5.105467070024734,0.09502298623504313,-0.6010601742772383,-6.662422296913478,-0.36366256703521405,3.0815765590659785,-0.9821165244108374,1.6931194523561262,-0.9268138701700321,-0.4166997912059234,-1.481353099827106,-3.8949397819578198,2.4477136945507434,0.252721719845598,1.1813255195382109,-1.5475623877893847,-6.967750756230049,-3.097770665882652,1.024330338539337,0.02005597105884549
0.603134047640081,-0.4672251666306666,6.424139742541465,-4.192465050878557,-8.351704134660821,8.945743402976538,-0.47774073544013174,5.972343605455096,0.0,4.163851544019584,2.434949407214651,-6.980496733854363,0.054066678511987654,-5.4315467017705465,-5.131778248175247,0.04399767451745351,1.9062644836638198,-0.33028583963319047,1.1229273458076703,2.1765787443177143,-0.4392645872573855,-3.6982001769567736,-7.85518637269809,-5.377369506507405,4.466379129485458,1.242839182231171,-3.880753545950765,0.3551499211366034,6.8982005548360545,-0.504570243641786,3.8392951919468947,-2.9733103953952744,0.40391109826730087,0.5469838379749623,-5.260154936394715,4.06017268222519,-1.1106281969580722,-1.2086919919116026,-2.624427670609861,1.6822954683889253,2.264064802854989,-0.14592470874286478,-6.718414165249164,0.8631703897196248,0.988115872140634,1.661883556738637,1.8629583940255356,-4.702535514379216,-1.858803933392867,-4.827386848793012,0.6903102476175285,-1.726695171334125,3.8881734949490534,1.1438904638383187,0.19143398903683417,0.3258089401198667,-1.3087781212462257,-3.1740393756177174,-3.4459291854405096,8.262316090832432,-5.480966027974441,0.2587301382891347,7.003218472711321,2.8249013008686488,4.1923482481748655,-7.053407289048136,2.206630537511515,7.909519649747054,-1.2740815364373477,-4.347172131316478,5.234020364708153,-5.414390192890128,4.3205728104870404,8.917912883121808,-1.3538199848537547,-4.473270144607189,-1.5721244115229487,-1.86620944258003,-0.8815843158417405,1.5921607183495334
-2.524946773878364,-3.4467002357343235,-1.6305689742927783,-1.1870720851451741,-5.352814061803046,0.6562273679071611,-1.6561473382818193,0.6592029842286138,4.163851544019584,0.0,0.6422049757580268,-2.4939139093957516,-0.46970797100459905,7.839848676208884,-0.019370805992555695,1.6794922307249287,4.575896331028147,1.0774049021367844,-1.1274195662120157,4.400871452653808,2.8612849448306257,-3.098188494563665,-0.5885470536576851,4.313681127403036,-3.6705878715802314,-7.87561042715785,-2.2536854642219595,0.9520012935254956,3.1378993677174467,-2.083615438507886,-3.881092758518596,-1.4926960619234668,3.9506490988672356,1.468807777380103,3.582710223687376,4.0129509340455884,-1.964159484148924,5.175149942093521,3.704542973136702,2.063245654439804,-7.379441080714243,-7.719975292607684,0.16317151467242397,-0.33211374922524906,2.3986848326371657,6.245697428083225,-5.75735946524946,-3.4241187512168727,0.814754047279397,1.5136199520892752,-5.01790054239883,-6.7063120913075895,-6.032494511379031,2.739493597623829,5.2720070926063425,-4.758299853875584,5.091576976949469,0.1520141452634034,0.7261524101202319,0.2012310092323215,-1.8224317670064272,-5.0111438132942565,-1.2951239439825084,-4.222180244242512,4.091115873421998,-4.326548029966438,3.2238322257810825,-8.568875966355193,1.8596024759825447,4.906152686929228,-1.4851287283486125,-4.5734307425410545,3.4724936051935718,4.052379366625585,-4.3006605615614655,8.516158024519777,-1.8834547733135585,2.348980659320647,-0.6543205423221652,-0.6778611250444984
8.07387007404945,-2.8676198975784803,-0.0738775925810824,-2.9472825982273223,1.27792728848865,5.914076629635598,5.486477992592391,7.0212626711326,2.434949407214651,0.6422049757580268,0.0,1.5381920121622787,2.5786538963510104,4.292042134906267,-0.8836129848749197,-6.102634956322667,2.1954892254194958,3.174326134027713,-3.8218364331353047,5.366984394548404,-1.5941718695302,0.1021621550372771,-2.727520001404919,-0.6666585025149994,8.326033407905697,-2.985256565471014,-6.848643326345193,-2.6190356847551097,-2.7205841687441197,1.7735519465822915,1.0235479130715048,4.602654933151783,2.2676527029951714,2.017457342890868,4.5539684832396015,5.30163718452647,-2.3597323953097407,7.3556206396721615,8.522818016775142,-0.33867906854866536,0.18924537012137144,4.222144775016354,3.9243112528809236,-8.578903958157515,-0.3807152962021503,-2.2781354325302274,-1.6854401664418113,-3.939270906226296,-2.4732959689381087,-1.9313585418256105,-0.1841917590143307,4.090459588862471,6.70898912634393,2.4008643651262487,3.3428635147836436,8.459922072883318,-7.150690436628915,7.7324220164470905,-2.003739733126122,2.6582198908493515,5.543322689115687,3.7537600670126867,-0.42284206581176687,-2.922705366176862,-3.6484463023297664,4.2385045232431615,-2.659392471268281,-7.669210798985997,-8.167729422111814,0.2751032762729029,-2.978592609558561,-2.37602418422781,-2.307738032938052,-3.6660843189880574,-1.218971258772993,-2.0130504943454204,5.1671112569007684,-4.190534877625687,-0.03216875947511966,0.06999144316750439
-0.6544376659596844,5.106698651666939,-1.7035061327728727,8.944175205323013,-0.290750348773714,4.5854025766384945,-8.67801703733792,3.594403399048792,-6.980496733854363,-2.4939139093957516,1.5381920121622787,0.0,-7.46751688296198,0.6568754597514728,-1.0979883143910705,2.40078723490758,3.551226610701132,6.337017582479654,0.41446069870104285,-0.35015669326888776,0.46664798636818716,-6.466792118894059,6.626892622263535,4.614261184559155,-1.450248745707114,4.161548249488789,4.29869173123165,4.30831996516783,-2.4097037264483943,-8.569732556181235,5.823834703535389,-1.9192515787821165,-7.853764582041145,-7.64369854881479,-7.572253571063648,3.311128690188891,8.359657367299857,5.927413936466142,-5.857984949900025,-7.233654334627939,-0.689714627069856,-0.48852770199425244,-1.1703479060785358,-1.9535217845470925,-4.205161616865382,0.8518398218878982,7.044105279410389,3.845594710899242,-1.5498471855685039,4.100767406574493,6.767221749763042,4.078390258055194,0.28381450285396514,-3.5539485562602815,-3.269077367624061,-3.1726825644691905,-7.7610637254969586,3.153893318412166,-2.4867935478830727,-1.7476610074667498,-3.339901144560625,-0.8299887310127261,-4.05790417131341,-8.539710898375635,-9.32405764294712,-1.7931905267082202,5.042815313742202,-4.5138764467733985,1.3570791085227936,-5.590718796694516,-0.10640272410107698,-0.32514561404708253,1.6055793750808895,2.644645944319457,5.673264899190003,-3.6847284821969977,-1.4987139630726087,-0.064091607119801,5.069632806505997,5.372054634852354
2.2067848524535005,4.083361723985655,2.975305056307013,9.565179890213306,-0.363280557970314,-2.9640459660268474,-3.265338494653859,-3.273832192067916,0.054066678511987654,-0.46970797100459905,2.5786538963510104,-7.46751688296198,0.0,1.5471237098068018,6.458115184759189,0.6645081993220527,-5.477472036805051,8.045686504195187,-2.342855284164587,-0.300033728568069,7.537452780203418,4.954238852722448,-2.247103419659066,4.702685355555103,4.296207510927354,0.608385189812342,9.199163519644664,0.11317948469355876,-7.474531892999994,-6.739922971400291,-1.6483713474191015,-2.2918369224755697,2.820828519359588,-3.209786822087473,-6.806173650238538,-5.123517201186591,1.1427997151433775,2.0060034936569906,-0.0657651621401989,-6.862991135191548,-2.6514779726881006,-6.7335208899458525,-4.1914316194767345,-1.8125938836804254,-4.32608498905496,4.9777400617618,-5.347961849362252,-6.600244315408068,0.5172319666485663,-1.307717246400725,4.868855491934074,0.1357042431853417,-8.829829560924765,7.7885691021722625,-0.5701227370011859,0.7651458227522943,1.7779130510464554,-0.8982996377008021,0.25582898090488637,-4.133964691274783,3.1441225947169817,2.05257312871122,0.2059248740945283,-2.5883951060623884,1.0321416539944646,-4.983161785641327,7.18746855160069,5.53852769192632,5.054363898990232,-2.4632407013208013,-2.3330250453472967,4.473583266564257,-5.17212216025629,-1.2667274289680632,4.995190671096498,0.6626211494957142,-8.568302051922384,2.4297172505087845,-0.5786264877682719,-1.4627100265042614
-1.9000344710533659,3.7220639512065308,5.626012080327659,0.44529656229205106,1.733146606519509,-5.497046754631473,3.634080926567499,1.7437991816294307,-5.4315467017705465,7.839848676208884,4.292042134906267,0.6568754597514728,1.5471237098068018,0.0,-1.5218439659452043,-1.6763711080065322,2.239664329559709,2.1407462708001828,6.565111067258966,-0.09213480450780231,-6.96788871987816,6.055332544990239,-1.8138736700567977,-5.895557578954367,1.6984134733105196,-2.1790831632818892,-1.328940513823345,-2.8626407241823104,1.258232554137841,1.9201198437387434,0.9840214286677762,-5.044531312324223,-1.8320401702688125,1.6937219645527994,1.0870535460664215,-0.2785830688397457,4.234887507394491,2.766828505019718,-6.069004884582368,6.120304235658015,-2.188592978221631,3.937456727988412,2.484463385187053,2.0698617269402098,7.209191106429651,-0.5778341785287786,-1.4593055407391775,2.9968278757590863,0.632640647880427,-7.212506958641342,7.716671719439397,1.254797684703921,-0.39845018501750573,-0.4797752331575964,1.5978136564892038,-2.0916156162966937,1.200179233050596,-2.1867836821993167,-0.858883852178975,0.8368146385787592,4.761843675046272,-1.3770640324220706,-3.2733061040770264,2.1833168132626017,6.736616046285503,0.17039928002404103,3.4967457773519586,-5.612785623966955,1.8056744117152075,1.724683752270816,-5.607076356027423,-0.0026532446495703965,2.1039288732454517,-3.435466669891709,1.211000912238724,6.472600302878766,-0.6938074008302069,0.04277605375461668,-0.0526088649294989,-3.218402704713469
-4.102150755570063,5.996802757527478,-3.4581209966620934,-4.438178277600536,-3.8441913284698046,0.3932278184139797,7.1362293524235625,5.596236090886938,-5.131778248175247,-0.019370805992555695,-0.8836129848749197,-1.0979883143910705,6.458115184759189,-1.5218439659452043,0.0,-5.970813517490209,-3.043829156812997,-4.72138027163285,-2.346388637026844,1.0082511587032794,-1.0702872895568678,-4.2751331806963115,7.172298026523671,-4.536040878053103,3.6729223588742146,-1.7886986267493779,4.662217413898291,8.307439333562835,7.999492104929857,-5.7076191455227185,-3.0595190048864476,0.24351454471166578,-4.561881309399026,2.365405128173946,0.09484558217913053,0.11893340922782158,3.098172307358462,-1.2706333171751503,0.4365942943958485,1.2182188699695313,-7.2623632934649756,-0.08927950876803425,-3.1750779176691313,-0.393063504893024,2.451058722526538,-1.3353863249126672,-1.4798302689892031,-5.806829411008847,1.5701310231916956,-2.8293778771619698,1.8875030020347108,-6.303423786636937,7.22077468553021,6.687817011514944,-2.380618527382493,3.455839545917514,-2.0223394699239394,0.19733339500091063,-6.066789820788892,1.1987497327483427,4.585375136698969,-0.6836343355319459,-0.22994137603996556,-3.973641238676338,1.4748539861504897,3.5086976493411326,1.3494598056749032,2.133832603805594,4.9457381676010534,4.928894298803598,4.408712713014933,-2.9958187117641946,2.46767171405307,-0.5088983544634811,6.58574251581366,-0.8093022737124635,-3.7582518114556027,-2.719225028968061,4.958886324445349,-4.401727014341902
5.011560921391169,7.968206783807277,-0.048068060022641745,-2.902237510116641,5.5522856365154505,1.0055711569237866,-0.9990249572331447,-0.5651211161509009,0.04399767451745351,1.6794922307249287,-6.102634956322667,2.40078723490758,0.6645081993220527,-1.6763711080065322,-5.970813517490209,0.0,-2.9866003222616566,5.776676602034479,3.5239545121240186,-4.6394981270792135,-2.153690717701222,-1.3802083289049083,-4.920524490532917,-0.30739042542178296,1.0796653182919256,1.544000933745452,-1.4605794747084113,0.2980887042878102,4.5250387386691875,1.8474031513536708,-3.5581822183854284,-2.720877349540789,-3.9118713354265013,1.0285093004428072,-3.7290991829628886,6.082541385368868,1.5858949145704342,1.3843502944097992,-5.498399192272604,-3.085440998534954,-2.5739936885121475,-2.808991901037909,-3.016231744168625,0.8825628290700314,-4.766409825449722,2.3633781523291537,-4.6791413289851445,6.673048105727894,0.9031542933883907,-1.5604281155818818,-4.599554650607152,-2.728632793136415,-4.009611234322538,6.073404975396423,4.332906667044506,2.654770098535354,-5.064396959056193,-3.3979375712561755,7.38765768073069,-0.15164316437940784,-5.748693160606198,5.2955383550701995,4.500497635798569,1.9831043700206683,-3.678305938417724,7.801857077896486,-1.4238635337686154,1.331486858857934,-0.9199930103719365,-1.8190258998145623,3.849889635221883,-0.6996172017001534,-2.233007971273806,6.364316796658709,-1.7822772455589573,7.266521733624581,2.712532012238614,-2.097313067271039,-3.819826848420512,9.49933860346439
0.6987606960055528,6.683672933587202,-6.577478460950806,6.70746053392779,2.265634648719091,1.6473401740161107,5.907730744913059,2.1286353882625875,1.9062644836638198,4.575896331028147,2.1954892254194958,3.551226610701132,-5.477472036805051,2.239664329559709,-3.043829156812997,-2.9866003222616566,0.0,-2.0263178001078117,-6.8963643337358445,1.5868489812029112,3.518848440692108,0.810251289752939,5.984347577771554,-3.4415033636281525,5.734504516277567,-0.3709993977164605,-7.2971564974813,5.076549034753333,5.130198899963965,-3.7441915500307266,7.242620920990095,5.9860881278657265,6.135753427159261,-5.506590810289595,-8.059427134537248,7.364429710916413,-4.122764257386852,0.7987242915558683,-3.287387576350751,-2.9576327980552426,-0.5806638132408386,-2.913994432597775,-5.231357257028799,0.8162411323820189,1.6894940103515,-3.493008066553587,8.571998194023518,-0.323015004851797,0.3631717952851834,2.7528961739621494,0.7496785734423872,-2.4022454995978073,1.6930282883048706,2.1593759319301062,6.395610838020306,7.627200542701196,-2.3321003164026672,5.34610532960319,-0.20532798390105889,6.735620840899971,-8.596410450747968,-3.619490912216808,5.407173213198142,8.393227180623116,-4.414322891026348,5.414253629757444,1.0333170761056287,0.4765492162473901,8.687497956267942,-4.768465691323939,7.062739640455728,-2.807842410006771,-0.12396925299829142,0.01984969495735367,2.061996117359574,-7.0418402328571625,-1.5507785595250012,-3.510952286964001,0.3520928904749874,-2.277437209104467
-1.9838936340099966,-1.288349350080547,0.6718437407230136,9.11732292555789,1.4292144674111356,2.209516058985388,-1.1905947417421539,-0.37788621886627105,-0.33028583963319047,1.0774049021367844,3.174326134027713,6.337017582479654,8.045686504195187,2.1407462708001828,-4.72138027163285,5.776676602034479,-2.0263178001078117,0.0,4.384484480330772,4.557332163337539,2.446513492229033,3.239558536842483,3.96365664618337,-2.0110786934015152,-0.280899028009701,-6.5611315605622655,0.7894424429187472,-5.9878093073722845,-2.2143710943282437,-3.0667983109023087,2.4567774833818916,-6.890474712242291,3.8432921869477337,2.7059515768948064,-2.9163443680872483,6.154095773947615,-3.3753710005573163,-4.524002613143549,8.759608522435611,-4.540106691411552,-1.3334679170093802,6.134420204801135,-2.3303973133563405,0.9005525402081549,-0.2602455923555782,6.740583523045826,2.4096931776394177,-5.180686876289219,-7.429125763303646,-4.9684633861778105,-2.1788257521686027,3.0251419869831278,5.889136425071381,-5.017443268219722,1.5797711282489422,1.3891530075895693,-7.801140574451614,1.2963056019892765,-3.4280080576181415,-5.24810329326757,-1.9546780231025993,0.43815946219725177,-0.9027996510294964,-8.791562202853672,0.612972378944054,-1.740543450867985,-6.952662177237944,-3.419904113909946,-4.260028184780024,0.5666115390924036,3.155037983485534,1.0914151788986342,1.1844289402544312,1.1857358056317322,-2.678535088848232,-4.067161658505805,-2.225379002490465,7.9018811557080575,-6.396071064021525,5.027293451652406
-6.078449430519906,-2.9223177494129624,7.918073599380179,2.9707326296178804,-2.5583820562919612,9.487874773029978,0.9085428431152902,-1.2043178646160992,1.1229273458076703,-1.1274195662120157,-3.8218364331353047,0.41446069870104285,-2.342855284164587,6.565111067258966,-2.346388637026844,3.5239545121240186,-6.8963643337358445,4.384484480330772,0.0,-7.976070232244683,0.166141904251921,4.560061089821076,-0.6660080490630316,-3.1478515085969,-3.69012937773722,-2.3925758114291225,-7.256684672608947,-1.2830791685738947,-1.3721808371712703,0.30917429119717177,3.214891218114749,-3.877962718281902,2.7090788111962167,2.064761695436192,-0.6901504634297755,-4.887580355196796,0.6176723397500092,-8.20134680741104,-2.897004746005382,2.575211495218822,1.7874923475073192,-0.5941152984080418,1.1490348767524674,4.29453118107761,-1.8367159722417505,0.7997167894008959,-4.833793545064771,5.363218677308746,1.9893700941156869,-4.584264693000572,-5.067911819284264,1.5126122750634714,-5.4609463950661254,7.685597031600082,8.744937335628425,0.31220811384851377,1.7774749469951265,1.8685093764577445,4.104993515391903,-1.8438797056387224,-0.8904159665798015,-2.2194774118353187,-4.079245487909213,0.03185429191426614,-4.545590814592818,4.75822973964918,5.798202334434762,2.2253761157189293,-2.2651833866972506,7.381697022230257,4.906220774482299,3.220182464389892,-1.234045045235094,-9.594651579714034,-3.902545924475708,7.139282225077475,8.140249899685712,-1.0682041954972923,0.8429514279021744,-2.656001565713092
-3.650817766233998,-0.4154902287419482,2.454038999559537,3.7238209199279932,5.337685955947449,-2.483361598448557,6.144238403004528,-2.8102558789284307,2.1765787443177143,4.400871452653808,5.366984394548404,-0.35015669326888776,-0.300033728568069,-0.09213480450780231,1.0082511587032794,-4.6394981270792135,1.5868489812029112,4.557332163337539,-7.976070232244683,0.0,-2.818542254432095,7.303843084017063,1.8483138862437594,2.26356313586927,0.038608773195965895,-1.6690560422196938,-5.225020378972479,-4.63488121468058,-6.118247383831039,-3.7355511983873866,8.926687415266407,2.6295792921886187,1.6954953758167712,-6.24787282444355,4.98701773276864,3.0294641709765937,-0.49348863813871535,2.944041327656212,5.066587878154063,-6.945519269526292,0.4125199147754106,-1.7306179595415365,-5.615007112984671,-3.933371468556316,3.038941120982546,-8.599348858291645,3.196020213937736,0.3149360446974141,-3.0554921975709783,-3.957546167630285,-9.081260333501664,-4.107340366191185,0.1766246869226955,-0.8304628650590997,-5.222445965724858,-2.5581912505520874,-4.220446129297346,3.972368040005372,-0.4725747738215995,-6.497621047915043,-7.615981690099629,4.6763539512186965,1.690728117454559,0.9405048581519462,3.9093268727440433,-0.28218253670379223,-3.2991495397648007,-3.401624869465881,1.7833773927592675,-1.0807598885593013,1.2649667581316422,4.959958253303853,6.538660547176338,-4.134193616774093,-1.476609914592692,7.777585077964895,1.6487778683832177,3.8205776017824746,-4.958652781726899,3.9123338781254535
0.3730030897817622,5.570199660148013,-1.4222265152687052,-4.00461756447164,4.578199941924145,-2.531425701409485,-1.6223390525625652,-1.872931657816994,-0.4392645872573855,2.8612849448306257,-1.5941718695302,0.46664798636818716,7.537452780203418,-6.96788871987816,-1.0702872895568678,-2.153690717701222,3.518848440692108,2.446513492229033,0.166141904251921,-2.818542254432095,0.0,1.426438218796144,-3.5131921377900532,-6.517638041959705,3.987654042938468,7.146027826163364,-4.46959357752899,5.249167338745562,-0.38858153200824397,0.007081511220954795,4.594408027127665,-3.348359746458819,-7.1308323243744445,-6.121744102451531,3.6154059296292544,4.5131090221896635,4.465304066247255,7.67993431183195,-5.9704753283534835,2.2205558023703365,0.6981821345985382,7.320335118094674,5.360236488696053,-4.61816434164966,1.8535338931027603,2.854776647558502,-6.212239123107216,-3.10992104685793,4.4518391635343155,0.6995030271575358,4.835724535436119,0.7177248351340846,-6.0976128420052556,-3.4638523621131503,-0.25775210614329946,-2.496922015388008,3.4615139726077544,-5.839078546787132,-0.6811266572134955,-0.9083954024370549,5.378637041509176,4.349024298135951,5.728639947926303,-1.8552315381815863,1.0467680383575422,2.9715017417372955,2.222548376332628,6.94492180211429,-2.9209962743234215,5.932780027330006,-7.2845174826642465,0.624972397028448,3.5560176814121203,-4.104855175179609,-1.228703888350755,-8.25572968288536,3.8947340694210695,-5.415312201524193,-4.988337723974445,-9.323254810945619
-0.787648142425116,2.424892211821941,5.4415751804753265,5.321469677836735,2.443757191752342,7.486797054267648,-1.7374994741116838,2.548668927016366,-3.6982001769567736,-3.098188494563665,0.1021621550372771,-6.466792118894059,4.954238852722448,6.055332544990239,-4.2751331806963115,-1.3802083289049083,0.810251289752939,3.239558536842483,4.560061089821076,7.303843084017063,1.426438218796144,0.0,7.625739709487973,-2.129921823949261,-0.11636129035760145,6.828953475795842,-6.492664338135627,-4.443474990871193,3.969817900213501,-1.2477056338339851,-6.560636869236557,6.9053067703625715,-4.375275697478527,3.4354480249718673,-4.544498163529505,-8.167532332415934,-0.20976569139448475,0.14006207338639953,-0.6023968558847992,1.4714696045284947,-1.7387527251979238,5.106605815629037,0.2781173447424452,1.2628680494222766,1.9257283855857805,0.0503936649915433,4.229536787751783,7.680636444878248,-3.253297445846936,-1.45803474915876,5.164771117004868,0.7899074168374973,-4.984754037343905,-0.9866422195300677,-6.108519353346582,-0.5559206521004034,-5.51189654186588,4.893200011097541,2.9472793186816606,-2.0362019126457502,-2.5492861958941324,6.217532288499182,-0.905209762012773,-5.746517776038768,-2.2014193090363783,-7.238650825616794,2.8612455123014815,0.062281679115439026,-9.181859472150396,-7.670374520790539,6.062845466301248,6.814021535106702,4.948659434679812,2.4569249284848445,5.444758807583992,5.4996649794820955,-9.313988904137625,-1.0461012763977777,8.175162391153542,1.5516722889487466
-0.7710088815522345,-2.0615273720133294,2.297444348192867,-6.525238561363316,-1.841175626468142,2.58013641839516,-7.30291425324837,1.0753530496114454,-7.85518637269809,-0.5885470536576851,-2.727520001404919,6.626892622263535,-2.247103419659066,-1.8138736700567977,7.172298026523671,-4.920524490532917,5.984347577771554,3.96365664618337,-0.6660080490630316,1.8483138862437594,-3.5131921377900532,7.625739709487973,0.0,-4.760661081654143,-2.891454043556637,-2.8826574529325715,-1.4685967453152164,-0.9265467911864897,5.659980441229844,2.0715485661523356,-4.038141108671274,5.583209837840064,-4.6783952379352405,4.008486001890862,-0.317842517180309,-4.949713724413828,4.485235803643947,-3.4263780768882244,-7.114871415249716,7.7159927714366034,-7.994300780468559,-0.5173855104799836,-3.755196631381935,-1.8608987225931122,-5.235298724006524,5.208253454942252,6.865547283557065,-2.8181735776358225,-3.8507590666090086,6.13229831470286,2.6218133088749163,-1.2266355431460632,-3.204300592529984,-2.0061604445884615,-2.9146110322520817,-0.12661278400156295,-3.0043881921266022,5.357613986888269,3.9720290015686377,2.0760185112946075,6.727560096427729,-1.7699224492412498,-3.0846537961514917,-5.410784889175684,-5.772184153095269,-1.9880023141031407,-3.1359704208182757,4.550281632240918,-1.0428915773716998,-1.5950402373989268,-0.9245713116646614,-1.3443868359894107,-5.52125039036828,-3.569121690432319,-6.713845127787582,-3.112435838820338,-5.926649284890104,2.787149460049971,2.7274555777477776,-1.8248288580549294
-1.8923841029871444,-4.130543112086716,0.11018221995127941,-2.3900745051594785,3.0135182208719957,0.056415605210819564,-7.299355125983468,4.677701510539894,-5.377369506507405,4.313681127403036,-0.6666585025149994,4.614261184559155,4.702685355555103,-5.895557578954367,-4.536040878053103,-0.30739042542178296,-3.4415033636281525,-2.0110786934015152,-3.1478515085969,2.26356313586927,-6.517638041959705,-2.129921823949261,-4.760661081654143,0.0,1.3482107662199052,-0.05353628512836739,-5.895421582639379,0.4543633403022458,-1.006592389991674,-1.3596397995488605,-5.2260299467938465,0.8500962825159943,-0.13291538767363775,1.4071922502589587,5.65781048935844,-0.17297567652181023,5.53408427458297,4.711941212535567,-0.021371400056252376,3.336661510821277,-0.7084559749053208,-1.2304523739661937,-0.4872161957199701,0.506313305450564,-5.439912180381438,-3.5984732650458,-4.468273555499023,-1.23257415959948,0.8214160756403954,0.9559268945038655,1.4312507230524423,4.89246240646202,1.0321252695337293,-1.0683893690415234,1.6337043571949668,0.3345651478051552,-2.420597846022691,6.448452692735612,3.269408816334554,-2.3176426444301317,1.5545083995216071,3.171374149430137,2.4194757383220846,6.731364516386884,2.3955594404415557,-6.017738607354602,5.141105370663659,-8.451220052240291,-2.717794581215943,0.140160970846269,-0.37699539769462476,-4.235310161415379,3.964559040624847,4.775741773559316,-1.1148058621828882,-7.669314945938241,-3.4483894606875545,8.206731032827088,4.773122568813653,4.244762787480843
7.674705250512609,4.773461953111942,-4.704011909478963,-1.9405141093386788,0.8187763752702137,2.9389516145090386,-0.48670981722118434,-6.230959637434019,4.466379129485458,-3.6705878715802314,8.326033407905697,-1.450248745707114,4.296207510927354,1.6984134733105196,3.6729223588742146,1.0796653182919256,5.734504516277567,-0.280899028009701,-3.69012937773722,0.038608773195965895,3.987654042938468,-0.11636129035760145,-2.891454043556637,1.3482107662199052,0.0,6.162868333150758,-5.48017052079857,-3.4305496935828117,-0.9811448113785026,-1.5182872822965017,6.688567792272681,8.51187797876241,0.6587730781492542,2.2218279587510423,-8.564150539720684,-6.4302537536464985,0.6346440730560396,7.606103431141346,-1.1256813680694595,0.22641768672692208,-0.37094374195146695,0.9814989854564935,-5.489298833555869,-9.555411035562521,2.005686663635861,-4.206882826809654,-5.682643526781185,6.7921695730923535,-1.8713936392872519,2.418746757692009,0.7168256214769713,-0.20060627438747503,0.8996124898626574,4.409528981226695,-3.0169295986416964,8.20126948304,0.44377904818684843,2.659600052113773,-0.39551530107502053,4.0059916473182895,-0.43981085642110473,4.506765546620809,-1.3905853102211232,3.3870982374715153,-8.959525180619838,3.766201601798369,-0.7031972696561581,-3.393505929077138,-6.4291301002631585,-3.1429047594745905,3.8047403593670364,4.720905125304533,-2.069732884109472,0.7092366556910719,4.628662603278235,-3.5119064014358425,-7.303747492139092,5.514643179411297,1.8261533919609754,0.7165432127173519
4.4421042640085595,1.3119612289969762,-1.5910664317173175,-1.4769937582054355,-1.4013226675290307,3.1046440702283693,1.1536043361703276,6.593762209522625,1.242839182231171,-7.87561042715785,-2.985256565471014,4.161548249488789,0.608385189812342,-2.1790831632818892,-1.7886986267493779,1.544000933745452,-0.3709993977164605,-6.5611315605622655,-2.3925758114291225,-1.6690560422196938,7.146027826163364,6.828953475795842,-2.8826574529325715,-0.05353628512836739,6.162868333150758,0.0,-2.0738907550843404,-1.964183971511793,-2.1196829727423285,-5.592902642408327,1.4113278821952253,5.484249492403856,0.7214171288238092,2.7136270993889493,6.371240735267865,0.8170723172750116,-1.7135238164341011,-0.2337224651893992,-0.24372581475470545,3.94459111045495,3.9417704537013947,-1.2333085774555888,0.461804184538261,-4.33033402058245,-2.2752411340131853,1.845062777675909,-3.9263664928285147,6.424885734246403,3.0312256966984226,2.754671600713058,4.52081912790201,5.368708748137044,2.8568913487225185,6.278104964444429,-0.4882807362821735,0.2907770026223071,3.4368745091263353,-0.984103320521259,-7.550822492780469,0.9960681713557231,-5.847079962901578,6.221854500069922,5.352895096652834,-0.6609423890208332,0.11839084333374306,6.422377549675714,5.300470777149251,0.2209251121581577,5.807112770385386,-7.2715533551799485,-5.747132037251863,0.8309994131895495,5.259078216869835,-2.0521691055109628,4.486496218569111,0.594862355009111,-5.986275342044237,-1.208269346047488,2.6715149054216996,-2.146780893569561
